receptor = 6lu7_prepared.pdbqt
exhaustiveness  = 8
center_x = -15.8126611207
center_y = 10.9530769545
center_z = 65.0544115233
size_x = 25.0
size_y = 25.0316845669
size_z = 25.0
cpu = 7